14,18,252,103,0.40873015,113.0,8.0,0
14,18,252,100,0.3968254,110.0,7.0,0
14,17,238,105,0.44117647,112.0,8.0,0
14,18,252,106,0.42063493,110.0,7.0,0
14,17,238,104,0.4369748,104.0,7.0,0
14,18,252,101,0.40079364,110.0,7.0,0
14,18,252,106,0.42063493,113.0,8.0,0
15,17,255,103,0.40392157,110.0,7.0,0
14,18,252,99,0.39285713,110.0,7.0,0
14,17,238,102,0.42857143,105.0,7.0,0
18,22,396,138,0.34848484,165.0,9.0,0
14,17,238,108,0.45378152,108.0,7.0,0
14,18,252,105,0.41666666,112.0,8.0,0
14,18,252,103,0.40873015,110.0,7.0,0
14,18,252,110,0.43650794,108.0,7.0,0
14,18,252,108,0.42857143,114.0,8.0,0
13,13,169,78,0.46153846,70.0,5.0,0
13,17,221,99,0.4479638,96.0,7.0,0
14,18,252,103,0.40873015,113.0,8.0,0
14,17,238,107,0.44957983,105.0,7.0,0
14,17,238,99,0.4159664,103.0,7.0,0
13,18,234,102,0.43589744,99.0,7.0,0
14,17,238,105,0.44117647,108.0,7.0,0
14,17,238,101,0.42436975,102.0,7.0,0
8,18,144,65,0.4513889,70.0,8.0,1
11,18,198,64,0.32323232,91.0,8.0,1
8,18,144,61,0.4236111,68.0,8.0,1
8,18,144,68,0.4722222,68.0,8.0,1
8,18,144,68,0.4722222,68.0,8.0,1
8,18,144,66,0.45833334,68.0,8.0,1
11,18,198,63,0.3181818,90.0,8.0,1
9,18,162,63,0.3888889,79.0,8.0,1
8,18,144,65,0.4513889,69.0,8.0,1
11,18,198,66,0.33333334,96.0,8.0,1
8,17,136,65,0.4779412,64.0,8.0,1
8,18,144,65,0.4513889,70.0,8.0,1
7,18,126,65,0.515873,57.0,8.0,1
10,18,180,67,0.37222221,83.0,8.0,1
9,18,162,69,0.42592594,72.0,8.0,1
10,18,180,68,0.37777779,83.0,8.0,1
10,17,170,66,0.3882353,84.0,8.0,1
8,18,144,65,0.4513889,65.0,8.0,1
9,19,171,66,0.3859649,79.0,8.0,1
10,17,170,63,0.37058824,86.0,8.0,1
9,18,162,68,0.41975307,77.0,8.0,1
9,18,162,69,0.42592594,75.0,8.0,1
9,18,162,60,0.37037036,75.0,8.0,1
11,17,187,64,0.342246,88.0,8.0,1
12,18,216,71,0.3287037,103.0,8.0,1
9,18,162,65,0.40123457,80.0,8.0,1
8,18,144,65,0.4513889,70.0,8.0,1
11,18,198,68,0.34343433,95.0,8.0,1
10,18,180,72,0.4,82.0,8.0,1
9,19,171,67,0.39181286,80.0,8.0,1
7,18,126,61,0.48412699,57.0,8.0,1
10,18,180,69,0.38333333,84.0,8.0,1
8,18,144,64,0.44444445,64.0,8.0,1
8,17,136,62,0.45588234,66.0,8.0,1
14,19,266,89,0.33458647,118.0,8.0,2
13,18,234,82,0.35042736,105.0,8.0,2
13,18,234,87,0.37179488,103.0,7.0,2
12,18,216,78,0.3611111,104.0,8.0,2
11,19,209,81,0.3875598,99.0,9.0,2
14,18,252,82,0.32539684,115.0,8.0,2
14,19,266,80,0.30075186,120.0,8.0,2
14,19,266,86,0.32330826,118.0,8.0,2
14,19,266,81,0.30451128,121.0,8.0,2
12,19,228,85,0.37280703,107.0,8.0,2
11,18,198,84,0.42424244,93.0,8.0,2
13,18,234,81,0.34615386,118.0,9.0,2
11,19,209,81,0.3875598,100.0,9.0,2
14,18,252,81,0.32142857,112.0,8.0,2
10,19,190,79,0.41578948,89.0,8.0,2
12,18,216,77,0.3564815,96.0,8.0,2
12,18,216,87,0.4027778,99.0,8.0,2
12,19,228,77,0.3377193,103.0,8.0,2
13,18,234,88,0.37606838,110.0,8.0,2
12,18,216,82,0.37962964,103.0,8.0,2
12,18,216,78,0.3611111,94.0,7.0,2
12,18,216,80,0.37037036,98.0,8.0,2
12,18,216,77,0.3564815,98.0,8.0,2
12,18,216,79,0.36574075,104.0,8.0,2
11,18,198,79,0.3989899,96.0,8.0,2
13,18,234,80,0.34188035,99.0,7.0,3
12,18,216,80,0.37037036,97.0,8.0,3
13,18,234,87,0.37179488,109.0,8.0,3
12,16,192,89,0.46354166,93.0,7.0,3
14,18,252,83,0.32936507,101.0,7.0,3
11,17,187,81,0.4331551,84.0,7.0,3
12,18,216,78,0.3611111,101.0,8.0,3
11,18,198,84,0.42424244,89.0,8.0,3
13,18,234,83,0.35470086,104.0,8.0,3
13,18,234,81,0.34615386,102.0,7.0,3
11,18,198,80,0.4040404,90.0,8.0,3
14,18,252,87,0.3452381,100.0,7.0,3
13,18,234,85,0.36324787,107.0,8.0,3
13,18,234,81,0.34615386,118.0,9.0,3
12,18,216,81,0.375,96.0,8.0,3
12,18,216,91,0.4212963,98.0,8.0,3
11,18,198,81,0.4090909,89.0,8.0,3
12,18,216,84,0.3888889,97.0,8.0,3
14,18,252,82,0.32539684,105.0,7.0,3
11,18,198,79,0.3989899,89.0,8.0,3
12,18,216,84,0.3888889,102.0,8.0,3
13,18,234,90,0.3846154,106.0,8.0,3
13,19,247,90,0.36437246,105.0,8.0,3
12,18,216,87,0.4027778,96.0,8.0,3
10,18,180,76,0.42222223,84.0,8.0,3
12,18,216,79,0.36574075,103.0,8.0,3
10,18,180,82,0.45555556,77.0,7.0,3
11,18,198,83,0.41919193,88.0,8.0,3
14,18,252,83,0.32936507,101.0,7.0,3
13,18,234,82,0.35042736,104.0,8.0,3
12,18,216,90,0.41666666,102.0,8.0,3
13,18,234,80,0.34188035,95.0,7.0,3
14,18,252,82,0.32539684,103.0,7.0,3
14,14,196,94,0.47959185,87.0,6.0,4
12,18,216,92,0.42592594,94.0,7.0,4
13,18,234,92,0.3931624,102.0,7.0,4
13,17,221,95,0.42986426,100.0,7.0,4
13,17,221,91,0.4117647,104.0,8.0,4
13,17,221,92,0.4162896,103.0,7.0,4
12,17,204,92,0.4509804,93.0,7.0,4
14,17,238,97,0.40756303,112.0,8.0,4
13,16,208,91,0.4375,90.0,6.0,4
13,17,221,95,0.42986426,96.0,7.0,4
13,18,234,100,0.42735043,101.0,7.0,4
13,17,221,94,0.42533937,94.0,7.0,4
13,18,234,86,0.36752138,101.0,7.0,4
12,17,204,89,0.4362745,97.0,8.0,4
13,16,208,92,0.44230768,88.0,6.0,4
12,17,204,89,0.4362745,84.0,7.0,4
13,18,234,93,0.3974359,106.0,8.0,4
14,17,238,91,0.38235295,95.0,6.0,4
12,18,216,89,0.41203704,96.0,8.0,4
12,17,204,85,0.41666666,86.0,7.0,4
13,18,234,89,0.3803419,103.0,7.0,4
13,18,234,86,0.36752138,101.0,7.0,4
13,17,221,90,0.40723982,91.0,7.0,4
13,18,234,96,0.41025642,107.0,8.0,4
13,17,221,90,0.40723982,100.0,7.0,4
12,18,216,83,0.38425925,92.0,7.0,5
13,19,247,85,0.34412956,111.0,8.0,5
12,17,204,85,0.41666666,99.0,8.0,5
11,18,198,83,0.41919193,86.0,7.0,5
14,18,252,90,0.35714287,109.0,7.0,5
14,18,252,83,0.32936507,112.0,8.0,5
13,18,234,90,0.3846154,103.0,7.0,5
12,18,216,86,0.39814815,89.0,7.0,5
12,18,216,87,0.4027778,92.0,7.0,5
12,18,216,87,0.4027778,96.0,8.0,5
14,19,266,84,0.31578946,116.0,8.0,5
13,19,247,88,0.3562753,106.0,8.0,5
13,18,234,84,0.35897437,100.0,7.0,5
14,18,252,91,0.3611111,107.0,7.0,5
13,18,234,87,0.37179488,102.0,7.0,5
15,18,270,89,0.32962963,118.0,7.0,5
14,20,280,82,0.29285714,123.0,8.0,5
14,19,266,81,0.30451128,115.0,8.0,5
13,18,234,83,0.35470086,102.0,7.0,5
14,18,252,94,0.37301588,107.0,7.0,5
14,19,266,92,0.34586465,119.0,8.0,5
11,18,198,84,0.42424244,87.0,7.0,5
14,19,266,84,0.31578946,115.0,8.0,5
14,19,266,80,0.30075186,115.0,8.0,5
12,18,216,88,0.4074074,92.0,7.0,5
11,19,209,88,0.42105263,87.0,7.0,5
14,18,252,112,0.44444445,119.0,8.0,6
14,18,252,109,0.43253967,121.0,8.0,6
14,17,238,107,0.44957983,103.0,7.0,6
14,18,252,105,0.41666666,112.0,8.0,6
13,18,234,103,0.44017094,104.0,8.0,6
13,16,208,101,0.48557693,100.0,7.0,6
14,18,252,104,0.41269842,118.0,8.0,6
14,18,252,106,0.42063493,117.0,8.0,6
15,18,270,110,0.4074074,117.0,7.0,6
13,18,234,118,0.50427353,104.0,8.0,6
15,18,270,117,0.43333334,133.0,8.0,6
14,18,252,105,0.41666666,123.0,8.0,6
15,18,270,112,0.4148148,127.0,8.0,6
13,17,221,104,0.47058824,100.0,7.0,6
14,17,238,101,0.42436975,103.0,7.0,6
15,17,255,110,0.43137255,114.0,7.0,6
15,18,270,110,0.4074074,117.0,7.0,6
13,18,234,107,0.45726496,103.0,7.0,6
13,18,234,104,0.44444445,105.0,8.0,6
14,17,238,108,0.45378152,111.0,7.0,6
14,17,238,106,0.44537815,104.0,7.0,6
14,18,252,105,0.41666666,118.0,8.0,6
14,18,252,114,0.45238096,118.0,8.0,6
13,18,234,104,0.44444445,105.0,8.0,6
14,18,252,111,0.44047618,122.0,8.0,6
13,18,234,107,0.45726496,107.0,8.0,6
14,18,252,105,0.41666666,110.0,7.0,6
14,18,252,109,0.43253967,119.0,8.0,6
13,18,234,67,0.2863248,80.0,6.0,7
13,18,234,58,0.24786325,80.0,6.0,7
12,18,216,60,0.2777778,70.0,5.0,7
12,19,228,63,0.27631578,80.0,6.0,7
12,18,216,61,0.2824074,79.0,6.0,7
12,17,204,68,0.33333334,77.0,6.0,7
13,17,221,58,0.26244345,87.0,6.0,7
13,17,221,59,0.26696834,78.0,6.0,7
12,18,216,61,0.2824074,70.0,5.0,7
13,18,234,62,0.26495728,83.0,6.0,7
11,18,198,61,0.30808082,67.0,6.0,7
12,17,204,57,0.27941176,73.0,6.0,7
12,18,216,59,0.27314815,66.0,5.0,7
13,18,234,69,0.2948718,75.0,5.0,7
12,18,216,61,0.2824074,74.0,6.0,7
13,18,234,56,0.23931624,87.0,6.0,7
14,16,224,59,0.26339287,88.0,6.0,7
12,18,216,59,0.27314815,74.0,6.0,7
13,19,247,65,0.2631579,91.0,7.0,7
11,19,209,61,0.29186603,71.0,6.0,7
12,18,216,61,0.2824074,72.0,6.0,7
13,18,234,60,0.25641027,89.0,6.0,7
12,18,216,66,0.30555555,70.0,5.0,7
12,18,216,119,0.5509259,99.0,8.0,8
12,18,216,114,0.5277778,97.0,8.0,8
13,18,234,126,0.53846157,106.0,8.0,8
13,17,221,119,0.53846157,102.0,7.0,8
13,18,234,116,0.4957265,104.0,8.0,8
13,18,234,126,0.53846157,109.0,8.0,8
14,18,252,122,0.48412699,116.0,8.0,8
13,18,234,123,0.525641,105.0,8.0,8
14,18,252,121,0.48015872,116.0,8.0,8
12,18,216,121,0.5601852,100.0,8.0,8
13,18,234,126,0.53846157,108.0,8.0,8
14,18,252,122,0.48412699,117.0,8.0,8
14,17,238,118,0.49579832,106.0,7.0,8
13,18,234,118,0.50427353,103.0,7.0,8
14,17,238,120,0.5042017,108.0,7.0,8
12,18,216,124,0.5740741,93.0,7.0,8
14,17,238,115,0.48319328,108.0,7.0,8
13,17,221,116,0.5248869,102.0,7.0,8
12,18,216,115,0.5324074,97.0,8.0,8
12,18,216,127,0.587963,98.0,8.0,8
14,18,252,109,0.43253967,101.0,7.0,9
15,18,270,112,0.4148148,107.0,7.0,9
14,17,238,109,0.4579832,98.0,7.0,9
14,18,252,105,0.41666666,102.0,7.0,9
15,18,270,109,0.4037037,111.0,7.0,9
14,18,252,106,0.42063493,106.0,7.0,9
15,18,270,111,0.41111112,108.0,7.0,9
13,18,234,109,0.46581197,101.0,7.0,9
14,19,266,116,0.43609023,108.0,7.0,9
14,18,252,109,0.43253967,111.0,7.0,9
13,18,234,104,0.44444445,104.0,8.0,9
14,18,252,113,0.4484127,107.0,7.0,9
14,18,252,110,0.43650794,104.0,7.0,9
13,18,234,108,0.46153846,102.0,7.0,9
14,18,252,103,0.40873015,106.0,7.0,9
14,17,238,106,0.44537815,113.0,8.0,9
14,18,252,113,0.4484127,104.0,7.0,9
14,18,252,112,0.44444445,111.0,7.0,9
13,18,234,106,0.45299146,103.0,7.0,9
15,18,270,108,0.4,106.0,7.0,9
14,18,252,107,0.42460316,100.0,7.0,9
14,18,252,104,0.41269842,106.0,7.0,9
15,18,270,111,0.41111112,108.0,7.0,9
14,18,252,106,0.42063493,108.0,7.0,9
15,17,255,103,0.40392157,113.0,7.0,9
14,18,252,106,0.42063493,103.0,7.0,9
14,18,252,106,0.42063493,103.0,7.0,9
14,18,252,104,0.41269842,109.0,7.0,9
12,13,156,80,0.51282054,68.0,5.0,a
13,14,182,81,0.44505495,77.0,5.0,a
12,13,156,80,0.51282054,66.0,5.0,a
13,13,169,91,0.53846157,75.0,5.0,a
11,13,143,81,0.56643355,61.0,5.0,a
12,13,156,82,0.525641,75.0,6.0,a
12,14,168,83,0.4940476,80.0,6.0,a
12,13,156,80,0.51282054,67.0,5.0,a
12,13,156,86,0.55128205,73.0,6.0,a
11,14,154,77,0.5,74.0,6.0,a
12,13,156,83,0.53205127,72.0,6.0,a
12,12,144,83,0.5763889,69.0,5.0,a
12,13,156,87,0.5576923,79.0,6.0,a
12,14,168,83,0.4940476,70.0,5.0,a
12,13,156,83,0.53205127,71.0,5.0,a
12,13,156,86,0.55128205,73.0,6.0,a
12,14,168,84,0.5,74.0,6.0,a
12,13,156,81,0.5192308,66.0,5.0,a
12,13,156,89,0.57051283,70.0,5.0,a
13,15,195,85,0.43589744,84.0,6.0,a
12,13,156,82,0.525641,68.0,5.0,a
12,13,156,85,0.5448718,68.0,5.0,a
11,13,143,79,0.55244756,68.0,6.0,a
12,14,168,84,0.5,75.0,6.0,a
13,13,169,93,0.5502958,75.0,5.0,a
12,13,156,80,0.51282054,67.0,5.0,a
12,14,168,87,0.51785713,76.0,6.0,a
12,14,168,86,0.5119048,76.0,6.0,a
12,14,168,84,0.5,74.0,6.0,a
12,14,168,84,0.5,84.0,7.0,a
13,13,169,93,0.5502958,75.0,5.0,a
15,18,270,109,0.4037037,135.0,9.0,b
13,19,247,104,0.42105263,128.0,9.0,b
14,18,252,109,0.43253967,128.0,9.0,b
13,20,260,111,0.42692307,136.0,10.0,b
14,19,266,110,0.41353384,135.0,9.0,b
13,20,260,108,0.41538462,137.0,10.0,b
14,19,266,108,0.40601504,137.0,9.0,b
14,18,252,104,0.41269842,131.0,9.0,b
15,17,255,106,0.41568628,129.0,8.0,b
15,17,255,105,0.4117647,130.0,8.0,b
15,17,255,109,0.42745098,126.0,8.0,b
14,19,266,106,0.39849624,140.0,10.0,b
13,19,247,109,0.44129553,131.0,10.0,b
14,19,266,105,0.39473686,139.0,9.0,b
14,18,252,109,0.43253967,128.0,9.0,b
13,19,247,109,0.44129553,129.0,9.0,b
14,18,252,108,0.42857143,130.0,9.0,b
14,17,238,106,0.44537815,118.0,8.0,b
14,20,280,115,0.4107143,147.0,10.0,b
15,17,255,107,0.41960785,130.0,8.0,b
13,20,260,110,0.42307693,136.0,10.0,b
14,18,252,111,0.44047618,141.0,10.0,b
13,20,260,104,0.4,130.0,10.0,b
14,18,252,105,0.41666666,130.0,9.0,b
13,19,247,107,0.4331984,130.0,10.0,b
13,19,247,106,0.4291498,132.0,10.0,b
13,18,234,106,0.45299146,122.0,9.0,b
14,19,266,106,0.39849624,143.0,10.0,b
15,17,255,110,0.43137255,130.0,8.0,b
8,13,104,48,0.46153846,40.0,5.0,c
8,13,104,46,0.44230768,38.0,4.0,c
11,13,143,58,0.4055944,63.0,5.0,c
15,16,240,74,0.30833334,101.0,6.0,c
11,13,143,50,0.34965035,68.0,6.0,c
10,13,130,53,0.4076923,56.0,5.0,c
11,13,143,60,0.41958043,55.0,5.0,c
10,13,130,53,0.4076923,54.0,5.0,c
11,13,143,51,0.35664335,53.0,4.0,c
10,13,130,50,0.3846154,55.0,5.0,c
9,11,99,39,0.3939394,37.0,4.0,c
9,13,117,49,0.41880342,52.0,5.0,c
11,13,143,50,0.34965035,68.0,6.0,c
11,13,143,53,0.37062937,55.0,5.0,c
10,13,130,50,0.3846154,52.0,5.0,c
11,13,143,50,0.34965035,68.0,6.0,c
8,12,96,50,0.5208333,38.0,4.0,c
9,13,117,51,0.43589744,50.0,5.0,c
10,13,130,49,0.37692308,59.0,5.0,c
11,13,143,50,0.34965035,64.0,5.0,c
10,13,130,52,0.4,54.0,5.0,c
10,13,130,52,0.4,52.0,5.0,c
9,12,108,50,0.46296296,43.0,4.0,c
9,12,108,41,0.37962964,40.0,4.0,c
11,13,143,48,0.33566433,50.0,4.0,c
14,20,280,108,0.3857143,144.0,10.0,d
14,19,266,107,0.40225562,146.0,10.0,d
14,18,252,107,0.42460316,123.0,8.0,d
14,19,266,109,0.40977442,143.0,10.0,d
16,18,288,105,0.36458334,134.0,8.0,d
13,19,247,111,0.4493927,129.0,9.0,d
13,19,247,111,0.4493927,134.0,10.0,d
13,19,247,104,0.42105263,124.0,9.0,d
14,19,266,104,0.39097744,146.0,10.0,d
14,19,266,108,0.40601504,132.0,9.0,d
14,19,266,114,0.42857143,137.0,9.0,d
16,17,272,107,0.39338234,126.0,7.0,d
13,19,247,104,0.42105263,124.0,9.0,d
13,19,247,105,0.42510122,134.0,10.0,d
14,18,252,107,0.42460316,122.0,8.0,d
13,19,247,107,0.4331984,129.0,9.0,d
13,19,247,107,0.4331984,136.0,10.0,d
13,18,234,102,0.43589744,120.0,9.0,d
14,18,252,103,0.40873015,125.0,8.0,d
13,19,247,105,0.42510122,134.0,10.0,d
14,19,266,107,0.40225562,142.0,10.0,d
13,19,247,106,0.4291498,134.0,10.0,d
15,18,270,110,0.4074074,136.0,9.0,d
13,19,247,105,0.42510122,134.0,10.0,d
12,13,156,78,0.5,62.0,5.0,e
12,13,156,76,0.4871795,59.0,4.0,e
12,12,144,75,0.5208333,57.0,4.0,e
12,12,144,76,0.5277778,58.0,4.0,e
12,13,156,76,0.4871795,64.0,5.0,e
12,13,156,82,0.525641,64.0,5.0,e
12,12,144,75,0.5208333,57.0,4.0,e
12,12,144,82,0.5694444,65.0,5.0,e
13,12,156,77,0.49358973,62.0,4.0,e
11,13,143,78,0.54545456,60.0,5.0,e
11,13,143,71,0.4965035,52.0,4.0,e
13,12,156,74,0.47435898,60.0,4.0,e
11,13,143,73,0.5104895,55.0,5.0,e
12,13,156,79,0.50641024,63.0,5.0,e
12,13,156,79,0.50641024,64.0,5.0,e
11,13,143,73,0.5104895,56.0,5.0,e
12,13,156,81,0.5192308,63.0,5.0,e
13,18,234,88,0.37606838,113.0,8.0,e
12,13,156,81,0.5192308,67.0,5.0,e
12,13,156,77,0.49358973,59.0,4.0,e
13,13,169,79,0.46745563,74.0,5.0,e
12,13,156,82,0.525641,62.0,5.0,e
14,13,182,87,0.47802198,74.0,5.0,e
12,13,156,81,0.5192308,66.0,5.0,e
13,13,169,80,0.4733728,76.0,5.0,e
12,13,156,79,0.50641024,65.0,5.0,e
12,12,144,72,0.5,53.0,4.0,e
12,13,156,76,0.4871795,60.0,5.0,e
7,19,133,65,0.48872182,53.0,7.0,f
6,19,114,64,0.5614035,47.0,7.0,f
7,19,133,65,0.48872182,55.0,7.0,f
8,19,152,68,0.4473684,68.0,8.0,f
10,17,170,67,0.39411765,61.0,6.0,f
7,19,133,66,0.49624062,54.0,7.0,f
8,18,144,66,0.45833334,57.0,7.0,f
9,18,162,73,0.45061728,67.0,7.0,f
9,18,162,66,0.4074074,63.0,7.0,f
6,19,114,66,0.57894737,47.0,7.0,f
8,18,144,69,0.47916666,55.0,6.0,f
8,19,152,68,0.4473684,60.0,7.0,f
7,19,133,67,0.5037594,53.0,7.0,f
8,19,152,66,0.43421054,62.0,7.0,f
10,18,180,70,0.3888889,68.0,6.0,f
10,18,180,66,0.36666667,67.0,6.0,f
6,19,114,64,0.5614035,47.0,7.0,f
8,20,160,75,0.46875,69.0,8.0,f
10,18,180,73,0.40555555,71.0,7.0,f
8,20,160,70,0.4375,66.0,8.0,f
9,18,162,67,0.41358024,67.0,7.0,f
8,19,152,62,0.40789473,64.0,8.0,f
12,17,204,69,0.3382353,75.0,6.0,f
7,19,133,66,0.49624062,58.0,8.0,f
9,19,171,68,0.39766082,68.0,7.0,f
9,19,171,70,0.4093567,68.0,7.0,f
9,18,162,66,0.4074074,63.0,7.0,f
8,19,152,68,0.4473684,60.0,7.0,f
7,19,133,65,0.48872182,54.0,7.0,f
7,19,133,67,0.5037594,56.0,8.0,f
8,19,152,69,0.45394737,60.0,7.0,f
7,19,133,66,0.49624062,55.0,7.0,f
7,19,133,67,0.5037594,56.0,8.0,f
8,18,144,64,0.44444445,57.0,7.0,f
7,19,133,67,0.5037594,57.0,8.0,f
10,17,170,66,0.3882353,62.0,6.0,f
9,18,162,68,0.41975307,65.0,7.0,f
12,18,216,69,0.31944445,86.0,7.0,f
13,16,208,112,0.53846157,98.0,7.0,g
14,16,224,107,0.47767857,102.0,7.0,g
13,16,208,104,0.5,94.0,7.0,g
13,16,208,114,0.5480769,89.0,6.0,g
14,14,196,96,0.48979592,90.0,6.0,g
14,15,210,104,0.4952381,92.0,6.0,g
13,17,221,112,0.50678736,91.0,7.0,g
14,16,224,112,0.5,106.0,7.0,g
13,18,234,106,0.45299146,100.0,7.0,g
13,14,182,99,0.54395604,79.0,6.0,g
14,17,238,115,0.48319328,111.0,7.0,g
13,17,221,105,0.47511312,100.0,7.0,g
13,16,208,116,0.5576923,90.0,6.0,g
13,17,221,119,0.53846157,98.0,7.0,g
14,17,238,113,0.47478992,103.0,7.0,g
14,19,266,107,0.40225562,108.0,7.0,g
14,18,252,122,0.48412699,114.0,8.0,g
13,17,221,119,0.53846157,97.0,7.0,g
18,18,324,108,0.33333334,151.0,8.0,g
13,17,221,114,0.51583713,99.0,7.0,g
13,17,221,115,0.520362,94.0,7.0,g
13,15,195,103,0.52820516,92.0,7.0,g
14,15,210,103,0.4904762,96.0,6.0,g
14,16,224,115,0.51339287,106.0,7.0,g
17,18,306,102,0.33333334,134.0,7.0,h
13,19,247,103,0.41700405,122.0,9.0,h
14,20,280,107,0.38214287,139.0,9.0,h
15,19,285,113,0.39649123,131.0,8.0,h
14,19,266,98,0.36842105,128.0,9.0,h
14,19,266,98,0.36842105,123.0,8.0,h
15,18,270,98,0.36296296,138.0,9.0,h
13,20,260,98,0.37692308,127.0,9.0,h
14,18,252,104,0.41269842,122.0,8.0,h
14,18,252,99,0.39285713,129.0,9.0,h
13,18,234,95,0.4059829,122.0,9.0,h
16,16,256,95,0.37109375,114.0,7.0,h
16,17,272,97,0.35661766,130.0,8.0,h
15,18,270,100,0.37037036,129.0,8.0,h
14,19,266,100,0.37593985,127.0,9.0,h
14,19,266,97,0.36466166,122.0,8.0,h
15,19,285,105,0.36842105,131.0,8.0,h
13,20,260,107,0.41153845,126.0,9.0,h
14,20,280,96,0.34285715,133.0,9.0,h
14,20,280,106,0.37857142,135.0,9.0,h
14,21,294,103,0.35034013,142.0,10.0,h
13,19,247,102,0.41295546,128.0,9.0,h
14,20,280,101,0.3607143,137.0,9.0,h
14,19,266,112,0.42105263,126.0,9.0,h
15,18,270,102,0.37777779,134.0,8.0,h
13,20,260,110,0.42307693,127.0,9.0,h
14,20,280,102,0.3642857,138.0,9.0,h
13,19,247,98,0.39676112,119.0,9.0,h
5,18,90,42,0.46666667,45.0,9.0,i
5,18,90,45,0.5,48.0,9.0,i
4,18,72,45,0.625,38.0,9.0,i
5,18,90,42,0.46666667,45.0,9.0,i
4,19,76,45,0.59210527,42.0,10.0,i
6,17,102,37,0.3627451,53.0,8.0,i
6,17,102,39,0.38235295,56.0,9.0,i
5,18,90,42,0.46666667,45.0,9.0,i
6,17,102,42,0.4117647,54.0,9.0,i
7,17,119,40,0.33613446,61.0,8.0,i
7,17,119,43,0.36134455,64.0,9.0,i
4,18,72,45,0.625,38.0,9.0,i
5,18,90,42,0.46666667,48.0,9.0,i
4,18,72,42,0.5833333,36.0,9.0,i
5,18,90,42,0.46666667,45.0,9.0,i
9,17,153,44,0.2875817,83.0,9.0,i
5,17,85,39,0.45882353,43.0,8.0,i
6,17,102,38,0.37254903,54.0,9.0,i
6,17,102,39,0.38235295,52.0,8.0,i
4,18,72,42,0.5833333,36.0,9.0,i
7,17,119,38,0.31932774,59.0,8.0,i
5,18,90,42,0.46666667,45.0,9.0,i
7,17,119,38,0.31932774,59.0,8.0,i
6,18,108,43,0.39814815,54.0,9.0,i
4,18,72,42,0.5833333,36.0,9.0,i
4,18,72,42,0.5833333,36.0,9.0,i
6,18,108,46,0.42592594,52.0,8.0,i
7,17,119,39,0.3277311,56.0,8.0,i
8,17,136,43,0.31617647,74.0,9.0,i
5,18,90,42,0.46666667,45.0,9.0,i
5,18,90,40,0.44444445,47.0,9.0,i
5,18,90,42,0.46666667,45.0,9.0,i
4,18,72,40,0.5555556,38.0,9.0,i
6,17,102,39,0.38235295,56.0,9.0,i
5,18,90,40,0.44444445,47.0,9.0,i
13,20,260,58,0.22307692,145.0,11.0,j
8,21,168,52,0.30952382,87.0,10.0,j
9,21,189,51,0.26984128,102.0,11.0,j
9,21,189,55,0.29100528,99.0,11.0,j
9,21,189,50,0.26455027,100.0,11.0,j
8,20,160,53,0.33125,86.0,10.0,j
8,21,168,55,0.32738096,88.0,11.0,j
8,23,184,58,0.3152174,99.0,12.0,j
9,21,189,51,0.26984128,103.0,11.0,j
8,19,152,47,0.30921054,77.0,9.0,j
11,21,231,96,0.41558442,116.0,10.0,k
13,19,247,98,0.39676112,129.0,9.0,k
13,19,247,98,0.39676112,129.0,9.0,k
13,19,247,97,0.39271256,128.0,9.0,k
13,19,247,96,0.38866398,125.0,9.0,k
12,19,228,99,0.43421054,119.0,9.0,k
14,17,238,108,0.45378152,118.0,8.0,k
12,21,252,103,0.40873015,125.0,10.0,k
13,19,247,95,0.3846154,123.0,9.0,k
10,17,170,84,0.49411765,92.0,9.0,k
15,18,270,96,0.35555556,140.0,9.0,k
16,19,304,106,0.34868422,140.0,8.0,k
15,19,285,100,0.3508772,129.0,8.0,k
10,17,170,84,0.49411765,91.0,9.0,k
12,18,216,95,0.4398148,116.0,9.0,k
15,18,270,100,0.37037036,138.0,9.0,k
19,20,380,141,0.37105262,184.0,9.0,k
16,19,304,105,0.34539473,139.0,8.0,k
15,17,255,97,0.38039216,127.0,8.0,k
15,18,270,96,0.35555556,133.0,8.0,k
14,18,252,110,0.43650794,115.0,8.0,k
12,20,240,96,0.4,123.0,10.0,k
6,18,108,53,0.49074075,49.0,8.0,l
7,17,119,52,0.4369748,53.0,7.0,l
5,19,95,54,0.56842107,42.0,8.0,l
4,19,76,54,0.7105263,34.0,8.0,l
12,19,228,68,0.2982456,117.0,9.0,l
7,18,126,52,0.41269842,56.0,8.0,l
6,18,108,52,0.4814815,48.0,8.0,l
6,18,108,51,0.4722222,48.0,8.0,l
6,17,102,48,0.47058824,45.0,7.0,l
5,19,95,55,0.57894737,42.0,8.0,l
6,18,108,53,0.49074075,50.0,8.0,l
5,19,95,55,0.57894737,42.0,8.0,l
6,18,108,54,0.5,50.0,8.0,l
6,17,102,48,0.47058824,46.0,7.0,l
4,18,72,51,0.7083333,32.0,8.0,l
5,19,95,53,0.55789477,43.0,8.0,l
6,18,108,52,0.4814815,48.0,8.0,l
7,17,119,49,0.4117647,53.0,7.0,l
6,15,90,45,0.5,40.0,6.0,l
7,17,119,50,0.42016807,56.0,8.0,l
7,17,119,51,0.42857143,53.0,7.0,l
5,18,90,51,0.56666666,40.0,8.0,l
5,18,90,51,0.56666666,40.0,8.0,l
6,18,108,54,0.5,49.0,8.0,l
7,17,119,47,0.394958,50.0,7.0,l
5,18,90,51,0.56666666,40.0,8.0,l
7,17,119,52,0.4369748,54.0,7.0,l
7,17,119,50,0.42016807,52.0,7.0,l
8,16,128,51,0.3984375,61.0,7.0,l
6,18,108,51,0.4722222,48.0,8.0,l
6,18,108,53,0.49074075,50.0,8.0,l
6,17,102,50,0.49019608,43.0,7.0,l
7,19,133,54,0.40601504,59.0,8.0,l
7,18,126,54,0.42857143,59.0,8.0,l
5,18,90,52,0.5777778,39.0,7.0,l
6,17,102,49,0.48039216,45.0,7.0,l
6,18,108,53,0.49074075,48.0,8.0,l
6,18,108,53,0.49074075,50.0,8.0,l
5,18,90,53,0.5888889,42.0,8.0,l
6,17,102,47,0.46078432,47.0,7.0,l
7,17,119,51,0.42857143,53.0,7.0,l
8,18,144,51,0.35416666,60.0,7.0,l
6,19,114,58,0.50877196,54.0,9.0,l
4,19,76,54,0.7105263,34.0,8.0,l
7,17,119,50,0.42016807,52.0,7.0,l
8,17,136,50,0.36764705,60.0,7.0,l
21,15,315,131,0.41587302,118.0,5.0,m
21,15,315,124,0.3936508,128.0,6.0,m
21,15,315,129,0.40952381,123.0,5.0,m
20,16,320,126,0.39375,122.0,6.0,m
20,15,300,121,0.40333334,126.0,6.0,m
13,13,169,82,0.4852071,59.0,4.0,m
19,19,361,163,0.45152354,164.0,8.0,m
20,16,320,126,0.39375,130.0,6.0,m
21,15,315,126,0.4,117.0,5.0,m
21,14,294,115,0.39115646,116.0,5.0,m
21,15,315,117,0.37142858,130.0,6.0,m
21,14,294,128,0.43537414,104.0,4.0,m
15,13,195,81,0.41538462,79.0,5.0,n
14,14,196,83,0.4234694,77.0,5.0,n
13,14,182,87,0.47802198,68.0,5.0,n
14,15,210,81,0.3857143,83.0,5.0,n
14,13,182,83,0.45604396,76.0,5.0,n
13,14,182,80,0.43956044,67.0,5.0,n
14,13,182,83,0.45604396,68.0,4.0,n
13,14,182,79,0.43406594,68.0,5.0,n
14,13,182,81,0.44505495,64.0,4.0,n
13,13,169,80,0.4733728,61.0,4.0,n
14,13,182,77,0.42307693,79.0,5.0,n
14,14,196,85,0.43367347,74.0,5.0,n
13,13,169,86,0.5088757,63.0,4.0,n
13,13,169,84,0.49704143,61.0,4.0,n
14,13,182,82,0.45054945,70.0,5.0,n
14,15,210,83,0.3952381,86.0,6.0,n
14,14,196,85,0.43367347,76.0,5.0,n
14,14,196,85,0.43367347,76.0,5.0,n
13,13,169,85,0.5029586,65.0,5.0,n
14,14,196,86,0.4387755,75.0,5.0,n
13,13,169,83,0.49112427,64.0,4.0,n
13,13,169,81,0.47928995,71.0,5.0,o
13,13,169,80,0.4733728,70.0,5.0,o
13,13,169,82,0.4852071,69.0,5.0,o
13,13,169,84,0.49704143,74.0,5.0,o
13,12,156,80,0.51282054,72.0,5.0,o
13,13,169,78,0.46153846,67.0,5.0,o
13,13,169,79,0.46745563,67.0,5.0,o
12,13,156,76,0.4871795,69.0,5.0,o
12,12,144,74,0.5138889,60.0,5.0,o
12,13,156,78,0.5,69.0,5.0,o
13,13,169,82,0.4852071,75.0,5.0,o
13,13,169,80,0.4733728,72.0,5.0,o
13,13,169,83,0.49112427,73.0,5.0,o
13,13,169,77,0.4556213,72.0,5.0,o
13,13,169,87,0.5147929,72.0,5.0,o
13,13,169,81,0.47928995,74.0,5.0,o
13,13,169,79,0.46745563,73.0,5.0,o
12,13,156,76,0.4871795,63.0,5.0,o
13,13,169,80,0.4733728,72.0,5.0,o
13,13,169,77,0.4556213,71.0,5.0,o
13,13,169,80,0.4733728,68.0,5.0,o
13,13,169,81,0.47928995,74.0,5.0,o
13,13,169,87,0.5147929,69.0,5.0,o
12,12,144,76,0.5277778,62.0,5.0,o
13,13,169,80,0.4733728,69.0,5.0,o
13,13,169,80,0.4733728,73.0,5.0,o
13,12,156,79,0.50641024,67.0,5.0,o
13,15,195,102,0.52307695,81.0,6.0,p
15,16,240,95,0.39583334,110.0,7.0,p
14,16,224,104,0.4642857,97.0,6.0,p
13,18,234,95,0.4059829,84.0,6.0,p
15,17,255,95,0.37254903,95.0,6.0,p
13,17,221,97,0.43891403,91.0,7.0,p
14,17,238,100,0.42016807,91.0,6.0,p
12,18,216,92,0.42592594,75.0,6.0,p
13,17,221,95,0.42986426,79.0,6.0,p
12,18,216,94,0.4351852,74.0,6.0,p
14,16,224,98,0.4375,94.0,6.0,p
14,15,210,100,0.47619048,95.0,6.0,p
13,17,221,92,0.4162896,78.0,6.0,p
14,14,196,102,0.52040815,81.0,5.0,p
14,14,196,92,0.46938777,85.0,6.0,p
14,16,224,103,0.45982143,95.0,6.0,p
13,17,221,101,0.45701358,90.0,6.0,p
12,18,216,95,0.4398148,81.0,6.0,p
14,16,224,102,0.45535713,87.0,6.0,p
13,14,182,97,0.53296703,83.0,6.0,p
13,18,234,101,0.43162394,90.0,6.0,p
14,14,196,99,0.50510204,81.0,5.0,p
13,16,208,103,0.49519232,85.0,6.0,p
14,15,210,93,0.44285715,90.0,6.0,p
14,14,196,96,0.48979592,89.0,6.0,p
13,15,195,97,0.4974359,85.0,6.0,p
13,15,195,97,0.4974359,85.0,6.0,p
14,15,210,98,0.46666667,87.0,6.0,p
14,16,224,99,0.4419643,98.0,7.0,p
12,18,216,97,0.44907406,79.0,6.0,p
14,15,210,96,0.45714286,80.0,5.0,p
12,18,216,91,0.4212963,76.0,6.0,p
14,18,252,100,0.3968254,95.0,6.0,p
16,16,256,101,0.39453125,120.0,7.0,p
13,14,182,90,0.4945055,78.0,6.0,p
13,16,208,98,0.47115386,86.0,6.0,p
14,17,238,101,0.42436975,94.0,6.0,p
12,18,216,95,0.4398148,81.0,6.0,p
12,18,216,93,0.43055555,76.0,6.0,p
12,18,216,93,0.43055555,79.0,6.0,p
12,18,216,90,0.41666666,75.0,6.0,p
14,16,224,99,0.4419643,88.0,6.0,q
13,14,182,99,0.54395604,82.0,6.0,q
15,17,255,110,0.43137255,108.0,7.0,q
14,15,210,98,0.46666667,84.0,6.0,q
15,16,240,101,0.42083332,107.0,7.0,q
14,16,224,99,0.4419643,94.0,6.0,q
15,16,240,98,0.40833333,105.0,7.0,q
14,16,224,100,0.44642857,93.0,6.0,q
13,13,169,95,0.56213015,72.0,5.0,q
13,18,234,104,0.44444445,88.0,6.0,q
14,18,252,102,0.4047619,95.0,6.0,q
13,13,169,92,0.5443787,73.0,5.0,q
14,16,224,99,0.4419643,88.0,6.0,q
13,12,156,88,0.5641026,67.0,5.0,q
14,18,252,104,0.41269842,99.0,7.0,q
14,13,182,97,0.53296703,75.0,5.0,q
15,16,240,101,0.42083332,107.0,7.0,q
13,17,221,102,0.46153846,80.0,6.0,q
13,16,208,98,0.47115386,88.0,6.0,q
14,12,168,86,0.5119048,78.0,5.0,q
13,16,208,103,0.49519232,85.0,6.0,q
14,16,224,99,0.4419643,92.0,6.0,q
13,16,208,99,0.47596154,81.0,6.0,q
14,13,182,90,0.4945055,80.0,5.0,q
13,13,169,93,0.5502958,77.0,5.0,q
13,17,221,103,0.46606335,82.0,6.0,q
15,16,240,101,0.42083332,107.0,7.0,q
13,15,195,99,0.50769234,79.0,6.0,q
13,15,195,95,0.4871795,74.0,5.0,q
13,13,169,95,0.56213015,73.0,5.0,q
15,16,240,99,0.4125,104.0,6.0,q
15,16,240,101,0.42083332,103.0,6.0,q
13,17,221,102,0.46153846,91.0,7.0,q
13,14,182,95,0.521978,84.0,6.0,q
13,15,195,96,0.4923077,85.0,6.0,q
13,15,195,96,0.4923077,76.0,5.0,q
8,13,104,45,0.43269232,43.0,5.0,r
8,13,104,46,0.44230768,37.0,4.0,r
9,12,108,45,0.41666666,35.0,3.0,r
7,13,91,42,0.46153846,37.0,5.0,r
9,13,117,48,0.41025642,41.0,4.0,r
9,12,108,45,0.41666666,38.0,4.0,r
8,13,104,47,0.45192307,35.0,4.0,r
9,13,117,47,0.4017094,41.0,4.0,r
8,13,104,42,0.40384614,45.0,5.0,r
9,12,108,45,0.41666666,38.0,4.0,r
10,12,120,42,0.35,45.0,4.0,r
9,13,117,49,0.41880342,41.0,4.0,r
6,12,72,39,0.5416667,29.0,4.0,r
8,13,104,42,0.40384614,44.0,5.0,r
9,12,108,47,0.4351852,36.0,4.0,r
8,13,104,47,0.45192307,40.0,5.0,r
8,13,104,46,0.44230768,36.0,4.0,r
8,13,104,48,0.46153846,35.0,4.0,r
8,14,112,50,0.44642857,42.0,5.0,r
9,12,108,45,0.41666666,38.0,4.0,r
8,13,104,44,0.42307693,44.0,5.0,r
16,18,288,126,0.4375,128.0,8.0,r
9,14,126,50,0.3968254,46.0,5.0,r
9,12,108,47,0.4351852,38.0,4.0,r
9,12,108,46,0.42592594,37.0,4.0,r
8,13,104,46,0.44230768,36.0,4.0,r
8,13,104,46,0.44230768,36.0,4.0,r
10,13,130,45,0.34615386,48.0,4.0,r
9,14,126,51,0.4047619,46.0,5.0,r
10,13,130,60,0.46153846,58.0,5.0,s
9,13,117,63,0.53846157,49.0,5.0,s
10,13,130,63,0.4846154,56.0,5.0,s
11,18,198,88,0.44444445,88.0,8.0,s
9,13,117,61,0.52136755,50.0,5.0,s
11,13,143,59,0.4125874,58.0,5.0,s
9,13,117,61,0.52136755,53.0,5.0,s
11,13,143,59,0.4125874,58.0,5.0,s
9,13,117,59,0.50427353,49.0,5.0,s
13,18,234,84,0.35897437,105.0,8.0,s
9,13,117,58,0.4957265,48.0,5.0,s
9,13,117,60,0.51282054,52.0,5.0,s
10,13,130,61,0.46923077,56.0,5.0,s
9,13,117,63,0.53846157,51.0,5.0,s
10,14,140,69,0.49285713,64.0,6.0,s
10,13,130,63,0.4846154,55.0,5.0,s
10,13,130,63,0.4846154,55.0,5.0,s
8,14,112,52,0.4642857,48.0,6.0,t
6,16,96,52,0.5416667,40.0,6.0,t
8,14,112,51,0.45535713,47.0,5.0,t
6,15,90,49,0.54444444,36.0,6.0,t
8,15,120,57,0.475,46.0,5.0,t
8,14,112,51,0.45535713,47.0,5.0,t
7,14,98,50,0.5102041,45.0,6.0,t
9,14,126,51,0.4047619,52.0,5.0,t
6,15,90,52,0.5777778,38.0,6.0,t
6,15,90,51,0.56666666,36.0,6.0,t
6,15,90,52,0.5777778,38.0,6.0,t
7,15,105,54,0.51428574,43.0,6.0,t
6,15,90,52,0.5777778,38.0,6.0,t
7,15,105,55,0.52380955,44.0,6.0,t
9,14,126,58,0.46031746,49.0,5.0,t
6,15,90,51,0.56666666,38.0,6.0,t
8,14,112,54,0.48214287,45.0,5.0,t
8,15,120,55,0.45833334,51.0,6.0,t
6,15,90,52,0.5777778,38.0,6.0,t
7,15,105,54,0.51428574,41.0,5.0,t
8,14,112,51,0.45535713,45.0,5.0,t
7,16,112,57,0.5089286,49.0,7.0,t
7,15,105,55,0.52380955,43.0,6.0,t
6,15,90,52,0.5777778,38.0,6.0,t
7,14,98,48,0.48979592,43.0,6.0,t
9,14,126,52,0.41269842,52.0,5.0,t
6,15,90,52,0.5777778,38.0,6.0,t
9,14,126,55,0.43650794,52.0,5.0,t
6,15,90,51,0.56666666,38.0,6.0,t
6,14,84,49,0.5833333,36.0,6.0,t
16,18,288,92,0.31944445,139.0,8.0,u
14,14,196,77,0.39285713,93.0,6.0,u
14,15,210,85,0.4047619,104.0,7.0,u
14,14,196,82,0.41836736,91.0,6.0,u
13,13,169,77,0.4556213,72.0,5.0,u
16,18,288,94,0.3263889,148.0,9.0,u
13,13,169,87,0.5147929,80.0,6.0,u
14,14,196,78,0.39795917,94.0,6.0,u
13,14,182,83,0.45604396,83.0,6.0,u
14,14,196,85,0.43367347,94.0,6.0,u
13,13,169,86,0.5088757,85.0,6.0,u
14,14,196,79,0.4030612,95.0,6.0,u
13,13,169,78,0.46153846,81.0,6.0,u
13,13,169,76,0.44970414,81.0,6.0,u
13,13,169,84,0.49704143,79.0,6.0,u
13,13,169,86,0.5088757,81.0,6.0,u
15,14,210,85,0.4047619,110.0,7.0,u
15,13,195,81,0.41538462,98.0,6.0,u
11,13,143,57,0.3986014,60.0,5.0,v
13,13,169,61,0.36094674,67.0,5.0,v
11,13,143,57,0.3986014,61.0,5.0,v
11,13,143,57,0.3986014,61.0,5.0,v
11,13,143,57,0.3986014,64.0,5.0,v
13,13,169,69,0.40828404,70.0,5.0,v
11,13,143,61,0.42657343,66.0,6.0,v
11,12,132,59,0.4469697,57.0,5.0,v
12,12,144,61,0.4236111,60.0,5.0,v
15,17,255,84,0.32941177,120.0,8.0,v
11,12,132,56,0.42424244,59.0,5.0,v
10,12,120,53,0.44166666,58.0,5.0,v
12,13,156,63,0.40384614,71.0,5.0,v
12,13,156,61,0.39102563,66.0,5.0,v
12,13,156,64,0.41025642,73.0,6.0,v
16,18,288,89,0.3090278,133.0,8.0,v
12,13,156,60,0.3846154,65.0,5.0,v
11,12,132,58,0.43939394,57.0,5.0,v
11,12,132,57,0.4318182,58.0,5.0,v
12,13,156,60,0.3846154,68.0,5.0,v
12,14,168,62,0.3690476,73.0,6.0,v
11,13,143,59,0.4125874,61.0,5.0,v
11,12,132,53,0.40151516,52.0,4.0,v
11,13,143,63,0.44055945,62.0,5.0,v
11,12,132,61,0.46212122,63.0,5.0,v
12,13,156,59,0.37820512,64.0,5.0,v
12,12,144,58,0.4027778,56.0,4.0,v
11,12,132,54,0.4090909,52.0,4.0,v
11,14,154,69,0.44805196,71.0,6.0,v
12,13,156,68,0.43589744,60.0,5.0,v
12,12,144,58,0.4027778,58.0,4.0,v
11,12,132,59,0.4469697,53.0,4.0,v
11,12,132,58,0.43939394,53.0,4.0,v
21,18,378,172,0.45502645,167.0,7.0,w
17,13,221,118,0.5339367,89.0,5.0,w
16,14,224,112,0.5,93.0,5.0,w
17,14,238,111,0.46638656,108.0,6.0,w
16,14,224,108,0.48214287,102.0,6.0,w
16,14,224,126,0.5625,98.0,6.0,w
17,15,255,118,0.4627451,122.0,7.0,w
16,14,224,114,0.5089286,102.0,6.0,w
17,13,221,123,0.5565611,94.0,5.0,w
17,14,238,127,0.53361344,117.0,6.0,w
17,14,238,117,0.49159664,121.0,7.0,w
17,13,221,113,0.51131225,111.0,6.0,w
17,13,221,115,0.520362,94.0,5.0,w
17,14,238,118,0.49579832,104.0,6.0,w
16,14,224,115,0.51339287,96.0,6.0,w
16,14,224,107,0.47767857,98.0,6.0,w
17,14,238,116,0.48739496,98.0,5.0,w
16,14,224,114,0.5089286,91.0,5.0,w
17,17,289,121,0.4186851,98.0,5.0,w
17,15,255,120,0.47058824,114.0,6.0,w
17,14,238,112,0.47058824,104.0,6.0,w
16,14,224,112,0.5,91.0,5.0,w
17,13,221,114,0.51583713,89.0,5.0,w
16,14,224,118,0.52678573,103.0,6.0,w
16,12,192,106,0.5520833,103.0,6.0,w
16,15,240,120,0.5,109.0,6.0,w
17,14,238,116,0.48739496,100.0,5.0,w
17,15,255,118,0.4627451,122.0,7.0,w
17,15,255,116,0.45490196,119.0,7.0,w
16,14,224,98,0.4375,92.0,5.0,w
11,12,132,59,0.4469697,61.0,5.0,x
11,14,154,60,0.38961038,65.0,5.0,x
11,13,143,58,0.4055944,62.0,5.0,x
16,17,272,82,0.30147058,133.0,8.0,x
11,12,132,57,0.4318182,52.0,4.0,x
13,14,182,65,0.35714287,78.0,6.0,x
13,16,208,80,0.3846154,99.0,7.0,x
12,13,156,59,0.37820512,73.0,6.0,x
12,14,168,63,0.375,73.0,6.0,x
11,13,143,58,0.4055944,60.0,5.0,x
10,12,120,54,0.45,54.0,5.0,x
15,19,285,85,0.2982456,125.0,8.0,x
11,12,132,61,0.46212122,60.0,5.0,x
12,17,204,85,0.41666666,94.0,7.0,x
14,17,238,90,0.37815127,104.0,7.0,x
16,18,288,94,0.3263889,136.0,8.0,x
15,19,285,90,0.31578946,123.0,8.0,x
13,14,182,67,0.36813188,69.0,5.0,x
13,13,169,63,0.37278107,79.0,6.0,x
15,19,285,92,0.322807,125.0,8.0,x
10,12,120,61,0.5083333,52.0,5.0,x
15,18,270,92,0.34074074,130.0,8.0,x
12,12,144,59,0.4097222,60.0,5.0,x
9,13,117,55,0.47008547,51.0,5.0,x
10,14,140,61,0.43571427,65.0,6.0,x
11,13,143,59,0.4125874,65.0,5.0,x
10,12,120,55,0.45833334,54.0,5.0,x
11,13,143,60,0.41958043,62.0,5.0,x
9,13,117,61,0.52136755,49.0,5.0,x
10,12,120,61,0.5083333,54.0,5.0,x
11,13,143,65,0.45454547,65.0,5.0,x
12,13,156,63,0.40384614,69.0,5.0,x
11,12,132,58,0.43939394,51.0,4.0,x
12,13,156,60,0.3846154,74.0,6.0,x
11,16,176,60,0.3409091,69.0,6.0,y
13,17,221,65,0.29411766,77.0,5.0,y
12,16,192,70,0.36458334,81.0,6.0,y
12,16,192,61,0.31770834,72.0,6.0,y
14,17,238,68,0.2857143,93.0,6.0,y
12,16,192,66,0.34375,75.0,6.0,y
12,16,192,66,0.34375,83.0,6.0,y
12,17,204,67,0.32843137,83.0,6.0,y
12,16,192,67,0.34895834,69.0,5.0,y
13,17,221,65,0.29411766,86.0,6.0,y
14,16,224,72,0.32142857,99.0,7.0,y
12,15,180,61,0.33888888,63.0,5.0,y
12,15,180,60,0.33333334,76.0,6.0,y
12,13,156,56,0.35897437,60.0,5.0,y
12,15,180,67,0.37222221,75.0,6.0,y
13,16,208,65,0.3125,87.0,6.0,y
13,16,208,62,0.29807693,84.0,6.0,y
12,16,192,65,0.33854166,73.0,6.0,y
11,16,176,61,0.3465909,68.0,6.0,y
14,17,238,67,0.28151262,97.0,6.0,y
13,16,208,67,0.3221154,74.0,5.0,y
12,16,192,62,0.32291666,74.0,6.0,y
12,14,168,62,0.3690476,65.0,5.0,y
12,13,156,57,0.3653846,62.0,5.0,y
12,16,192,67,0.34895834,72.0,6.0,y
13,13,169,62,0.3668639,74.0,5.0,y
12,13,156,59,0.37820512,64.0,5.0,y
12,14,168,74,0.44047618,71.0,5.0,z
12,13,156,73,0.4679487,70.0,5.0,z
12,15,180,72,0.4,75.0,6.0,z
13,15,195,74,0.3794872,86.0,6.0,z
13,15,195,72,0.36923078,83.0,6.0,z
11,14,154,78,0.5064935,69.0,6.0,z
12,13,156,78,0.5,66.0,5.0,z
13,14,182,73,0.4010989,76.0,5.0,z
11,14,154,75,0.48701298,69.0,6.0,z
11,13,143,74,0.5174825,61.0,5.0,z
12,13,156,74,0.47435898,70.0,5.0,z
12,14,168,72,0.42857143,72.0,6.0,z
11,13,143,76,0.5314685,66.0,6.0,z
11,13,143,71,0.4965035,59.0,5.0,z
11,14,154,70,0.45454547,65.0,5.0,z
11,13,143,75,0.5244755,61.0,5.0,z
13,15,195,75,0.3846154,84.0,6.0,z
12,14,168,76,0.45238096,77.0,6.0,z
11,14,154,77,0.5,67.0,6.0,z
11,13,143,75,0.5244755,66.0,6.0,z
11,14,154,73,0.47402596,62.0,5.0,z
13,15,195,71,0.36410257,84.0,6.0,z
12,14,168,74,0.44047618,68.0,5.0,z
12,14,168,74,0.44047618,70.0,5.0,z
15,18,270,102,0.37777779,120.0,8.0,A
15,19,285,98,0.34385964,124.0,8.0,A
15,19,285,101,0.35438597,133.0,8.0,A
15,17,255,97,0.38039216,120.0,8.0,A
15,18,270,99,0.36666667,118.0,7.0,A
15,17,255,96,0.3764706,125.0,8.0,A
15,18,270,101,0.37407407,118.0,7.0,A
15,18,270,98,0.36296296,114.0,7.0,A
15,18,270,97,0.35925925,117.0,7.0,A
15,19,285,111,0.38947368,129.0,8.0,A
15,17,255,98,0.38431373,123.0,8.0,A
16,18,288,101,0.35069445,131.0,8.0,A
16,18,288,98,0.3402778,139.0,8.0,A
15,18,270,105,0.3888889,113.0,7.0,A
15,18,270,104,0.38518518,128.0,8.0,A
15,17,255,97,0.38039216,125.0,8.0,A
15,18,270,102,0.37777779,118.0,7.0,A
16,18,288,100,0.3472222,135.0,8.0,A
15,18,270,100,0.37037036,115.0,7.0,A
16,18,288,105,0.36458334,136.0,8.0,A
15,18,270,103,0.38148147,123.0,8.0,A
14,18,252,97,0.38492063,110.0,7.0,A
15,17,255,97,0.38039216,121.0,8.0,A
15,18,270,96,0.35555556,128.0,8.0,A
16,18,288,99,0.34375,129.0,8.0,A
14,18,252,120,0.47619048,115.0,8.0,B
13,19,247,129,0.5222672,108.0,8.0,B
12,18,216,121,0.5601852,97.0,8.0,B
12,18,216,116,0.537037,94.0,7.0,B
13,17,221,117,0.5294118,101.0,7.0,B
12,18,216,117,0.5416667,98.0,8.0,B
13,18,234,124,0.52991456,106.0,8.0,B
14,18,252,124,0.4920635,110.0,7.0,B
14,18,252,116,0.46031746,111.0,7.0,B
14,18,252,124,0.4920635,109.0,7.0,B
14,18,252,122,0.48412699,114.0,8.0,B
14,19,266,127,0.4774436,120.0,8.0,B
14,19,266,126,0.47368422,117.0,8.0,B
12,18,216,122,0.5648148,97.0,8.0,B
12,18,216,128,0.5925926,96.0,8.0,B
13,18,234,120,0.51282054,107.0,8.0,B
13,18,234,118,0.50427353,110.0,8.0,B
12,19,228,122,0.5350877,102.0,8.0,B
14,18,252,122,0.48412699,111.0,7.0,B
12,18,216,121,0.5601852,97.0,8.0,B
12,18,216,117,0.5416667,96.0,8.0,B
14,18,252,120,0.47619048,109.0,7.0,B
13,18,234,122,0.52136755,108.0,8.0,B
15,18,270,82,0.3037037,120.0,8.0,C
14,18,252,81,0.32142857,109.0,7.0,C
16,16,256,79,0.30859375,103.0,6.0,C
15,18,270,78,0.2888889,99.0,6.0,C
15,18,270,84,0.31111112,116.0,7.0,C
17,19,323,85,0.2631579,164.0,9.0,C
14,18,252,82,0.32539684,116.0,8.0,C
14,18,252,83,0.32936507,115.0,8.0,C
13,17,221,81,0.36651585,101.0,7.0,C
15,18,270,86,0.31851852,122.0,8.0,C
15,18,270,84,0.31111112,126.0,8.0,C
15,18,270,81,0.3,122.0,8.0,C
14,18,252,84,0.33333334,118.0,8.0,C
16,18,288,84,0.29166666,112.0,7.0,C
16,16,256,77,0.30078125,102.0,6.0,C
15,18,270,80,0.2962963,111.0,7.0,C
15,18,270,81,0.3,127.0,8.0,C
15,18,270,82,0.3037037,125.0,8.0,C
16,17,272,80,0.29411766,111.0,6.0,C
15,19,285,87,0.30526316,121.0,8.0,C
15,18,270,82,0.3037037,128.0,8.0,C
14,18,252,82,0.32539684,111.0,7.0,C
18,18,324,130,0.40123457,149.0,8.0,D
17,18,306,122,0.39869282,130.0,7.0,D
16,18,288,129,0.44791666,127.0,7.0,D
18,19,342,141,0.4122807,162.0,9.0,D
17,19,323,129,0.3993808,147.0,8.0,D
18,18,324,128,0.39506173,154.0,8.0,D
17,18,306,125,0.40849674,127.0,7.0,D
17,18,306,124,0.40522876,139.0,8.0,D
16,19,304,133,0.4375,133.0,8.0,D
17,18,306,129,0.42156863,126.0,7.0,D
17,18,306,128,0.41830066,145.0,8.0,D
17,18,306,124,0.40522876,126.0,7.0,D
17,19,323,131,0.40557274,150.0,8.0,D
18,19,342,136,0.39766082,155.0,8.0,D
17,19,323,136,0.42105263,149.0,8.0,D
17,19,323,128,0.39628482,139.0,8.0,D
17,19,323,126,0.39009288,136.0,8.0,D
18,19,342,130,0.38011697,144.0,8.0,D
17,18,306,129,0.42156863,151.0,8.0,D
18,18,324,127,0.3919753,145.0,8.0,D
14,19,266,91,0.34210527,111.0,7.0,E
14,19,266,91,0.34210527,111.0,7.0,E
14,19,266,90,0.33834586,125.0,8.0,E
12,18,216,91,0.4212963,94.0,7.0,E
11,19,209,92,0.4401914,89.0,8.0,E
14,19,266,97,0.36466166,120.0,8.0,E
12,19,228,87,0.38157895,106.0,8.0,E
13,17,221,85,0.3846154,94.0,7.0,E
12,19,228,96,0.42105263,104.0,8.0,E
12,18,216,94,0.4351852,96.0,8.0,E
14,19,266,90,0.33834586,124.0,8.0,E
12,19,228,93,0.40789473,106.0,8.0,E
13,19,247,92,0.37246963,107.0,8.0,E
13,17,221,92,0.4162896,101.0,7.0,E
11,18,198,101,0.510101,86.0,7.0,E
12,18,216,94,0.4351852,98.0,8.0,E
14,18,252,96,0.3809524,118.0,8.0,E
12,19,228,94,0.4122807,105.0,8.0,E
11,18,198,93,0.46969697,89.0,8.0,E
12,19,228,93,0.40789473,107.0,8.0,E
14,19,266,89,0.33458647,106.0,7.0,E
12,19,228,95,0.41666666,105.0,8.0,E
12,19,228,91,0.3991228,103.0,8.0,E
12,19,228,90,0.39473686,106.0,8.0,E
11,18,198,91,0.45959595,92.0,8.0,E
13,19,247,90,0.36437246,116.0,8.0,E
11,18,198,93,0.46969697,89.0,8.0,E
14,19,266,94,0.35338345,125.0,8.0,E
12,17,204,76,0.37254903,78.0,6.0,F
10,18,180,78,0.43333334,65.0,6.0,F
10,19,190,83,0.4368421,74.0,7.0,F
11,18,198,77,0.3888889,74.0,6.0,F
10,19,190,77,0.40526316,76.0,7.0,F
9,18,162,73,0.45061728,68.0,7.0,F
12,17,204,78,0.38235295,79.0,6.0,F
10,19,190,79,0.41578948,75.0,7.0,F
14,18,252,87,0.3452381,98.0,7.0,F
10,19,190,80,0.42105263,79.0,7.0,F
10,18,180,77,0.42777777,65.0,6.0,F
11,19,209,78,0.37320575,82.0,7.0,F
10,19,190,84,0.44210526,74.0,7.0,F
13,17,221,74,0.33484164,85.0,6.0,F
11,18,198,78,0.3939394,76.0,6.0,F
11,17,187,75,0.40106952,69.0,6.0,F
12,17,204,75,0.36764705,80.0,6.0,F
9,19,171,76,0.44444445,66.0,7.0,F
10,18,180,77,0.42777777,65.0,6.0,F
13,17,221,74,0.33484164,80.0,6.0,F
14,17,238,80,0.33613446,88.0,6.0,F
10,19,190,78,0.4105263,71.0,7.0,F
13,17,221,75,0.33936653,84.0,6.0,F
9,19,171,76,0.44444445,66.0,7.0,F
10,18,180,77,0.42777777,65.0,6.0,F
11,18,198,75,0.37878788,72.0,6.0,F
17,19,323,109,0.3374613,163.0,9.0,G
16,18,288,102,0.35416666,138.0,8.0,G
16,18,288,101,0.35069445,135.0,8.0,G
16,18,288,107,0.3715278,137.0,8.0,G
16,18,288,103,0.3576389,135.0,8.0,G
16,17,272,104,0.38235295,136.0,8.0,G
16,18,288,108,0.375,139.0,8.0,G
17,19,323,106,0.32817337,162.0,9.0,G
16,15,240,84,0.35,108.0,6.0,G
17,18,306,106,0.34640524,154.0,9.0,G
16,18,288,101,0.35069445,144.0,9.0,G
16,18,288,99,0.34375,148.0,9.0,G
17,18,306,99,0.32352942,152.0,8.0,G
16,18,288,99,0.34375,148.0,9.0,G
18,19,342,103,0.3011696,178.0,9.0,G
16,18,288,105,0.36458334,140.0,8.0,G
16,17,272,105,0.38602942,133.0,8.0,G
18,18,324,103,0.31790122,150.0,8.0,G
16,18,288,98,0.3402778,150.0,9.0,G
15,18,270,101,0.37407407,128.0,8.0,G
17,19,323,106,0.32817337,161.0,9.0,G
16,18,288,98,0.3402778,134.0,8.0,G
16,18,288,99,0.34375,143.0,8.0,G
17,19,323,116,0.35913312,143.0,8.0,G
17,19,323,106,0.32817337,161.0,9.0,G
16,18,288,106,0.36805555,139.0,8.0,G
17,18,306,99,0.32352942,155.0,9.0,G
17,18,306,104,0.3398693,150.0,8.0,G
17,18,306,99,0.32352942,154.0,9.0,G
18,20,360,127,0.35277778,158.0,8.0,H
17,18,306,119,0.3888889,138.0,8.0,H
16,20,320,115,0.359375,139.0,8.0,H
18,20,360,120,0.33333334,159.0,8.0,H
18,19,342,113,0.33040935,146.0,8.0,H
16,20,320,123,0.384375,147.0,9.0,H
18,20,360,120,0.33333334,163.0,9.0,H
18,19,342,114,0.33333334,158.0,8.0,H
16,19,304,122,0.40131578,140.0,8.0,H
17,19,323,118,0.36532506,138.0,8.0,H
17,19,323,115,0.35603714,138.0,8.0,H
17,19,323,118,0.36532506,150.0,8.0,H
17,18,306,112,0.36601308,133.0,7.0,H
17,20,340,119,0.35,148.0,8.0,H
18,20,360,120,0.33333334,163.0,9.0,H
18,19,342,120,0.3508772,157.0,8.0,H
17,19,323,117,0.3622291,151.0,8.0,H
15,18,270,113,0.4185185,121.0,8.0,H
16,19,304,121,0.39802632,134.0,8.0,H
16,19,304,120,0.39473686,136.0,8.0,H
17,19,323,120,0.37151703,148.0,8.0,H
5,19,95,55,0.57894737,42.0,8.0,I
7,17,119,51,0.42857143,53.0,7.0,I
11,18,198,66,0.33333334,96.0,8.0,I
6,17,102,52,0.50980395,46.0,7.0,I
6,16,96,46,0.47916666,42.0,7.0,I
6,18,108,56,0.5185185,49.0,8.0,I
6,18,108,51,0.4722222,48.0,8.0,I
13,19,247,65,0.2631579,124.0,9.0,J
8,21,168,66,0.39285713,81.0,10.0,J
7,21,147,61,0.414966,67.0,9.0,J
12,20,240,65,0.27083334,119.0,9.0,J
6,19,114,57,0.5,53.0,8.0,J
12,17,204,60,0.29411766,107.0,8.0,J
9,19,171,59,0.34502923,82.0,9.0,J
12,19,228,70,0.30701753,123.0,10.0,J
8,21,168,66,0.39285713,80.0,10.0,J
11,20,220,65,0.29545453,105.0,9.0,J
8,19,152,61,0.40131578,76.0,9.0,J
10,19,190,62,0.3263158,95.0,9.0,J
8,20,160,66,0.4125,80.0,10.0,J
8,21,168,68,0.4047619,79.0,9.0,J
8,21,168,66,0.39285713,81.0,10.0,J
8,21,168,69,0.4107143,81.0,10.0,J
10,19,190,60,0.31578946,95.0,9.0,J
8,20,160,64,0.4,80.0,10.0,J
8,22,176,65,0.3693182,82.0,10.0,J
10,19,190,61,0.32105264,94.0,9.0,J
9,21,189,70,0.37037036,91.0,10.0,J
6,20,120,61,0.5083333,56.0,9.0,J
8,21,168,63,0.375,79.0,9.0,J
15,19,285,110,0.3859649,135.0,9.0,K
14,19,266,112,0.42105263,118.0,8.0,K
14,18,252,100,0.3968254,113.0,8.0,K
16,18,288,106,0.36805555,136.0,8.0,K
15,18,270,102,0.37777779,127.0,8.0,K
15,18,270,105,0.3888889,120.0,8.0,K
13,18,234,102,0.43589744,111.0,8.0,K
15,18,270,101,0.37407407,131.0,8.0,K
13,17,221,92,0.4162896,111.0,8.0,K
16,19,304,102,0.33552632,151.0,9.0,K
13,18,234,102,0.43589744,112.0,8.0,K
12,20,240,98,0.40833333,124.0,10.0,K
15,18,270,99,0.36666667,120.0,8.0,K
16,19,304,104,0.34210527,141.0,8.0,K
14,18,252,104,0.41269842,115.0,8.0,K
14,18,252,100,0.3968254,113.0,8.0,K
15,19,285,101,0.35438597,127.0,8.0,K
16,19,304,101,0.33223686,147.0,9.0,K
13,18,234,111,0.47435898,106.0,8.0,K
15,19,285,102,0.35789475,127.0,8.0,K
14,18,252,105,0.41666666,116.0,8.0,K
15,19,285,108,0.37894738,139.0,9.0,K
14,18,252,118,0.46825397,121.0,8.0,K
15,18,270,100,0.37037036,134.0,8.0,K
13,18,234,109,0.46581197,111.0,8.0,K
14,17,238,66,0.27731094,128.0,9.0,L
11,18,198,67,0.33838382,107.0,9.0,L
13,17,221,63,0.2850679,116.0,8.0,L
11,19,209,70,0.33492824,106.0,9.0,L
9,19,171,63,0.36842105,85.0,9.0,L
10,19,190,65,0.34210527,97.0,9.0,L
14,17,238,64,0.26890758,126.0,9.0,L
14,17,238,65,0.27310926,124.0,8.0,L
12,18,216,69,0.31944445,115.0,9.0,L
13,17,221,62,0.280543,117.0,9.0,L
12,18,216,68,0.3148148,115.0,9.0,L
14,17,238,65,0.27310926,124.0,8.0,L
14,17,238,66,0.27731094,131.0,9.0,L
12,19,228,66,0.28947368,115.0,9.0,L
11,18,198,67,0.33838382,107.0,9.0,L
11,19,209,66,0.31578946,107.0,9.0,L
11,18,198,67,0.33838382,109.0,9.0,L
6,16,96,47,0.48958334,44.0,7.0,L
11,19,209,70,0.33492824,108.0,9.0,L
14,17,238,65,0.27310926,126.0,9.0,L
12,19,228,68,0.2982456,115.0,9.0,L
10,18,180,65,0.3611111,96.0,9.0,L
11,18,198,68,0.34343433,103.0,9.0,L
14,17,238,69,0.28991598,126.0,9.0,L
5,19,95,58,0.6105263,42.0,8.0,L
14,17,238,64,0.26890758,125.0,8.0,L
11,18,198,67,0.33838382,107.0,9.0,L
11,18,198,66,0.33333334,103.0,9.0,L
14,17,238,65,0.27310926,125.0,8.0,L
11,19,209,68,0.32535884,106.0,9.0,L
11,19,209,67,0.32057416,109.0,9.0,L
11,19,209,69,0.33014354,110.0,10.0,L
18,18,324,168,0.5185185,142.0,7.0,M
21,20,420,160,0.3809524,197.0,9.0,M
19,18,342,164,0.47953215,156.0,8.0,M
18,19,342,160,0.46783626,149.0,8.0,M
19,18,342,165,0.48245615,159.0,8.0,M
21,19,399,159,0.39849624,186.0,8.0,M
19,18,342,158,0.4619883,151.0,7.0,M
19,19,361,159,0.44044322,153.0,8.0,M
19,19,361,163,0.45152354,172.0,9.0,M
19,19,361,162,0.44875348,169.0,8.0,M
19,19,361,163,0.45152354,159.0,8.0,M
20,20,400,162,0.405,176.0,8.0,M
19,19,361,162,0.44875348,167.0,8.0,M
20,21,420,165,0.39285713,191.0,9.0,M
21,20,420,163,0.38809523,198.0,9.0,M
20,19,380,156,0.4105263,179.0,8.0,M
19,19,361,161,0.44598338,158.0,8.0,M
20,18,360,157,0.43611112,168.0,8.0,M
20,19,380,164,0.43157893,179.0,8.0,M
19,19,361,177,0.4903047,158.0,8.0,M
20,20,400,167,0.4175,176.0,8.0,M
22,20,440,162,0.36818182,203.0,9.0,M
19,19,361,163,0.45152354,160.0,8.0,M
19,19,361,162,0.44875348,159.0,8.0,M
19,19,361,160,0.44321328,161.0,8.0,M
19,18,342,156,0.45614034,154.0,8.0,M
20,19,380,170,0.4473684,180.0,9.0,M
21,20,420,159,0.37857142,191.0,9.0,M
18,17,306,112,0.36601308,137.0,7.0,N
16,16,256,107,0.41796875,111.0,6.0,N
17,17,289,124,0.42906573,124.0,7.0,N
15,16,240,114,0.475,109.0,7.0,N
16,17,272,113,0.4154412,122.0,7.0,N
15,17,255,121,0.4745098,119.0,7.0,N
18,19,342,112,0.32748538,156.0,8.0,N
19,17,323,113,0.3498452,153.0,8.0,N
16,17,272,114,0.41911766,122.0,7.0,N
18,19,342,113,0.33040935,159.0,8.0,N
18,19,342,113,0.33040935,149.0,8.0,N
16,17,272,113,0.4154412,122.0,7.0,N
15,16,240,114,0.475,109.0,7.0,N
18,18,324,113,0.34876543,144.0,8.0,N
19,19,361,115,0.31855956,156.0,8.0,N
17,18,306,118,0.38562092,131.0,7.0,N
16,17,272,113,0.4154412,121.0,7.0,N
18,18,324,114,0.35185185,143.0,7.0,N
15,16,240,112,0.46666667,109.0,7.0,N
17,18,306,122,0.39869282,139.0,8.0,N
16,17,272,115,0.4227941,124.0,7.0,N
17,17,289,109,0.37716264,132.0,7.0,N
17,18,306,117,0.38235295,129.0,7.0,N
16,16,256,116,0.453125,114.0,7.0,N
16,17,272,111,0.40808824,123.0,7.0,N
15,16,240,113,0.47083333,109.0,7.0,N
19,18,342,113,0.33040935,156.0,8.0,N
17,19,323,112,0.34674922,143.0,8.0,N
19,16,304,108,0.35526314,147.0,7.0,N
16,17,272,113,0.4154412,122.0,7.0,N
17,16,272,108,0.3970588,121.0,7.0,N
19,18,342,117,0.34210527,153.0,8.0,N
18,18,324,125,0.38580248,143.0,7.0,O
18,17,306,119,0.3888889,141.0,7.0,O
18,18,324,119,0.36728394,140.0,7.0,O
17,18,306,120,0.39215687,133.0,7.0,O
18,18,324,119,0.36728394,147.0,8.0,O
18,18,324,115,0.35493827,147.0,8.0,O
18,18,324,120,0.37037036,151.0,8.0,O
17,18,306,122,0.39869282,133.0,7.0,O
18,17,306,123,0.4019608,142.0,7.0,O
13,13,169,79,0.46745563,69.0,5.0,O
18,18,324,124,0.38271606,138.0,7.0,O
18,18,324,123,0.37962964,143.0,7.0,O
18,18,324,118,0.36419752,140.0,7.0,O
17,18,306,120,0.39215687,140.0,8.0,O
18,17,306,119,0.3888889,131.0,7.0,O
18,18,324,118,0.36419752,141.0,7.0,O
18,18,324,128,0.39506173,140.0,7.0,O
18,18,324,121,0.37345678,144.0,8.0,O
18,18,324,121,0.37345678,148.0,8.0,O
18,18,324,120,0.37037036,137.0,7.0,O
18,18,324,117,0.3611111,149.0,8.0,O
18,18,324,123,0.37962964,139.0,7.0,O
14,18,252,107,0.42460316,118.0,8.0,O
18,18,324,121,0.37345678,150.0,8.0,O
18,17,306,117,0.38235295,137.0,7.0,O
18,18,324,121,0.37345678,141.0,7.0,O
18,18,324,118,0.36419752,140.0,7.0,O
18,18,324,120,0.37037036,145.0,8.0,O
18,18,324,122,0.37654322,150.0,8.0,O
18,18,324,119,0.36728394,146.0,8.0,O
18,18,324,121,0.37345678,149.0,8.0,O
18,17,306,119,0.3888889,140.0,7.0,O
18,18,324,120,0.37037036,142.0,7.0,O
18,18,324,121,0.37345678,142.0,7.0,O
18,18,324,118,0.36419752,141.0,7.0,O
18,18,324,118,0.36419752,137.0,7.0,O
13,18,234,95,0.4059829,84.0,6.0,P
12,18,216,94,0.4351852,76.0,6.0,P
13,17,221,91,0.4117647,78.0,6.0,P
15,17,255,95,0.37254903,96.0,6.0,P
12,18,216,94,0.4351852,75.0,6.0,P
12,18,216,95,0.4398148,77.0,6.0,P
14,16,224,99,0.4419643,94.0,6.0,P
12,18,216,93,0.43055555,73.0,6.0,P
13,18,234,98,0.41880342,87.0,6.0,P
13,18,234,101,0.43162394,82.0,6.0,P
13,18,234,94,0.4017094,84.0,6.0,P
13,18,234,97,0.41452992,88.0,6.0,P
12,19,228,101,0.44298247,82.0,6.0,P
12,18,216,95,0.4398148,80.0,6.0,P
14,15,210,100,0.47619048,92.0,6.0,P
12,18,216,99,0.45833334,79.0,6.0,P
12,18,216,96,0.44444445,76.0,6.0,P
12,18,216,100,0.46296296,79.0,6.0,P
14,17,238,94,0.394958,88.0,6.0,P
13,18,234,93,0.3974359,85.0,6.0,P
18,20,360,134,0.37222221,165.0,9.0,Q
18,21,378,135,0.35714287,164.0,9.0,Q
18,21,378,136,0.35978836,169.0,9.0,Q
19,20,380,144,0.37894738,170.0,8.0,Q
18,18,324,124,0.38271606,148.0,8.0,Q
19,19,361,136,0.3767313,165.0,8.0,Q
18,19,342,135,0.39473686,156.0,8.0,Q
18,22,396,142,0.35858586,173.0,9.0,Q
17,21,357,139,0.38935575,153.0,9.0,Q
18,20,360,134,0.37222221,158.0,8.0,Q
20,18,360,138,0.38333333,181.0,9.0,Q
15,16,240,102,0.425,102.0,6.0,Q
18,20,360,133,0.36944443,157.0,8.0,Q
18,22,396,134,0.33838382,159.0,8.0,Q
18,20,360,135,0.375,159.0,8.0,Q
20,19,380,134,0.35263157,181.0,9.0,Q
18,20,360,135,0.375,162.0,9.0,Q
18,21,378,143,0.37830687,158.0,8.0,Q
20,18,360,137,0.38055557,168.0,8.0,Q
20,19,380,138,0.3631579,174.0,8.0,Q
17,22,374,131,0.35026738,155.0,9.0,Q
18,21,378,141,0.37301588,162.0,9.0,Q
18,20,360,130,0.3611111,165.0,9.0,Q
18,20,360,144,0.4,159.0,8.0,Q
20,19,380,137,0.36052632,183.0,9.0,Q
20,18,360,132,0.36666667,169.0,8.0,Q
14,20,280,116,0.41428572,115.0,8.0,R
13,18,234,129,0.55128205,101.0,7.0,R
14,17,238,118,0.49579832,112.0,8.0,R
15,18,270,125,0.46296296,119.0,7.0,R
15,18,270,116,0.42962962,111.0,7.0,R
13,19,247,119,0.48178136,105.0,8.0,R
16,19,304,127,0.41776314,130.0,8.0,R
13,18,234,118,0.50427353,95.0,7.0,R
13,18,234,121,0.517094,96.0,7.0,R
14,19,266,121,0.4548872,117.0,8.0,R
15,18,270,115,0.42592594,112.0,7.0,R
12,18,216,121,0.5601852,91.0,7.0,R
14,19,266,126,0.47368422,111.0,7.0,R
14,19,266,122,0.45864663,116.0,8.0,R
13,16,208,120,0.5769231,93.0,7.0,R
14,18,252,119,0.4722222,102.0,7.0,R
16,18,288,129,0.44791666,128.0,8.0,R
16,18,288,127,0.4409722,122.0,7.0,R
14,18,252,116,0.46031746,102.0,7.0,R
14,19,266,124,0.46616542,103.0,7.0,R
13,19,247,123,0.4979757,106.0,8.0,R
16,18,288,122,0.4236111,128.0,8.0,R
14,19,266,124,0.46616542,113.0,8.0,R
17,18,306,132,0.43137255,133.0,7.0,R
15,18,270,123,0.45555556,118.0,7.0,R
15,18,270,128,0.47407407,115.0,7.0,R
12,18,216,82,0.37962964,99.0,8.0,S
14,18,252,84,0.33333334,108.0,7.0,S
12,18,216,83,0.38425925,97.0,8.0,S
13,18,234,84,0.35897437,95.0,7.0,S
13,18,234,92,0.3931624,109.0,8.0,S
11,18,198,84,0.42424244,84.0,7.0,S
14,18,252,87,0.3452381,112.0,8.0,S
12,17,204,78,0.38235295,95.0,7.0,S
12,18,216,81,0.375,101.0,8.0,S
10,18,180,78,0.43333334,79.0,7.0,S
14,18,252,83,0.32936507,108.0,7.0,S
11,18,198,81,0.4090909,84.0,7.0,S
12,18,216,86,0.39814815,95.0,7.0,S
11,18,198,86,0.43434343,87.0,7.0,S
11,17,187,80,0.42780748,85.0,7.0,S
12,18,216,82,0.37962964,101.0,8.0,S
13,18,234,88,0.37606838,105.0,8.0,S
11,17,187,80,0.42780748,85.0,7.0,S
12,18,216,82,0.37962964,97.0,8.0,S
12,18,216,81,0.375,103.0,8.0,S
14,19,266,71,0.2669173,98.0,7.0,T
13,19,247,73,0.29554656,91.0,7.0,T
14,18,252,77,0.30555555,92.0,6.0,T
14,19,266,77,0.28947368,93.0,6.0,T
14,18,252,74,0.2936508,98.0,7.0,T
14,19,266,71,0.2669173,98.0,7.0,T
13,18,234,72,0.30769232,89.0,6.0,T
12,17,204,71,0.3480392,75.0,6.0,T
14,18,252,76,0.3015873,84.0,6.0,T
14,19,266,72,0.2706767,98.0,7.0,T
14,19,266,71,0.2669173,98.0,7.0,T
15,19,285,73,0.25614035,111.0,7.0,T
14,19,266,73,0.2744361,100.0,7.0,T
14,18,252,71,0.28174603,97.0,6.0,T
14,18,252,73,0.28968254,80.0,5.0,T
13,18,234,69,0.2948718,81.0,6.0,T
14,18,252,73,0.28968254,80.0,5.0,T
13,18,234,71,0.30341882,90.0,6.0,T
14,18,252,79,0.31349206,91.0,6.0,T
14,18,252,72,0.2857143,90.0,6.0,T
13,18,234,71,0.30341882,78.0,6.0,T
14,18,252,73,0.28968254,80.0,5.0,T
14,18,252,73,0.28968254,80.0,5.0,T
13,18,234,73,0.31196582,87.0,6.0,T
14,19,266,76,0.2857143,105.0,7.0,T
14,19,266,75,0.28195488,94.0,6.0,T
14,18,252,73,0.28968254,82.0,5.0,T
14,19,266,73,0.2744361,92.0,6.0,T
15,18,270,93,0.34444445,127.0,8.0,U
17,18,306,93,0.30392158,157.0,9.0,U
16,19,304,99,0.3256579,152.0,9.0,U
16,18,288,89,0.3090278,146.0,9.0,U
14,18,252,96,0.3809524,122.0,8.0,U
15,18,270,96,0.35555556,127.0,8.0,U
15,18,270,88,0.32592592,126.0,8.0,U
16,18,288,86,0.2986111,145.0,9.0,U
14,17,238,88,0.3697479,115.0,8.0,U
15,18,270,88,0.32592592,139.0,9.0,U
16,17,272,89,0.3272059,137.0,8.0,U
16,19,304,92,0.3026316,148.0,9.0,U
16,18,288,92,0.31944445,145.0,9.0,U
16,18,288,91,0.3159722,136.0,8.0,U
15,18,270,92,0.34074074,133.0,8.0,U
15,17,255,92,0.36078432,122.0,8.0,U
16,19,304,90,0.29605263,147.0,9.0,U
17,19,323,89,0.27554178,157.0,9.0,U
15,18,270,91,0.33703703,131.0,8.0,U
14,17,238,89,0.3739496,123.0,8.0,U
14,18,252,93,0.3690476,120.0,8.0,U
14,17,238,93,0.3907563,115.0,8.0,U
14,18,252,96,0.3809524,122.0,8.0,U
15,17,255,93,0.3647059,120.0,8.0,U
15,18,270,83,0.3074074,125.0,8.0,V
15,17,255,82,0.32156864,121.0,8.0,V
15,17,255,81,0.31764707,114.0,7.0,V
15,18,270,80,0.2962963,125.0,8.0,V
15,19,285,89,0.3122807,134.0,8.0,V
15,17,255,83,0.3254902,116.0,7.0,V
15,17,255,78,0.30588236,111.0,7.0,V
15,17,255,86,0.3372549,111.0,7.0,V
15,17,255,86,0.3372549,107.0,7.0,V
15,17,255,81,0.31764707,112.0,7.0,V
15,16,240,83,0.34583333,105.0,7.0,V
15,18,270,83,0.3074074,129.0,8.0,V
15,18,270,87,0.32222223,127.0,8.0,V
16,18,288,93,0.32291666,123.0,7.0,V
15,18,270,81,0.3,125.0,8.0,V
15,17,255,85,0.33333334,114.0,7.0,V
15,17,255,84,0.32941177,113.0,7.0,V
15,17,255,87,0.34117648,117.0,7.0,V
16,19,304,87,0.28618422,139.0,8.0,V
16,18,288,91,0.3159722,130.0,8.0,V
16,18,288,85,0.2951389,125.0,7.0,V
16,18,288,85,0.2951389,130.0,8.0,V
15,17,255,82,0.32156864,116.0,7.0,V
15,17,255,84,0.32941177,115.0,7.0,V
15,18,270,92,0.34074074,138.0,9.0,V
16,17,272,94,0.34558824,117.0,7.0,V
15,17,255,80,0.3137255,111.0,7.0,V
21,19,399,173,0.43358395,190.0,9.0,W
21,17,357,162,0.45378152,161.0,7.0,W
21,19,399,170,0.42606518,183.0,8.0,W
20,19,380,176,0.4631579,175.0,8.0,W
21,18,378,175,0.46296296,170.0,8.0,W
21,18,378,172,0.45502645,169.0,8.0,W
20,18,360,171,0.475,160.0,8.0,W
20,20,400,165,0.4125,182.0,9.0,W
21,19,399,165,0.41353384,177.0,8.0,W
20,20,400,165,0.4125,185.0,9.0,W
20,18,360,163,0.45277777,156.0,7.0,W
21,21,441,181,0.41043085,212.0,10.0,W
21,18,378,168,0.44444445,178.0,8.0,W
21,19,399,171,0.42857143,186.0,8.0,W
21,21,441,174,0.39455783,220.0,10.0,W
21,21,441,173,0.39229023,212.0,10.0,W
21,19,399,165,0.41353384,182.0,8.0,W
21,18,378,168,0.44444445,170.0,8.0,W
21,21,441,173,0.39229023,213.0,10.0,W
20,19,380,164,0.43157893,178.0,8.0,W
21,19,399,175,0.4385965,194.0,9.0,W
21,18,378,176,0.46560848,184.0,8.0,W
21,18,378,171,0.45238096,169.0,8.0,W
14,18,252,86,0.34126985,110.0,7.0,X
13,18,234,92,0.3931624,103.0,7.0,X
13,17,221,79,0.35746607,102.0,7.0,X
15,18,270,85,0.3148148,129.0,8.0,X
12,17,204,86,0.42156863,93.0,7.0,X
13,18,234,79,0.33760685,98.0,7.0,X
12,17,204,85,0.41666666,93.0,7.0,X
14,18,252,96,0.3809524,108.0,7.0,X
14,18,252,96,0.3809524,107.0,7.0,X
14,18,252,92,0.36507937,110.0,7.0,X
15,18,270,91,0.33703703,131.0,8.0,X
17,19,323,89,0.27554178,144.0,8.0,X
12,18,216,88,0.4074074,103.0,8.0,X
14,18,252,90,0.35714287,118.0,8.0,X
13,17,221,90,0.40723982,98.0,7.0,X
14,19,266,87,0.32706767,121.0,8.0,X
14,18,252,87,0.3452381,121.0,8.0,X
15,18,270,87,0.32222223,121.0,8.0,X
15,19,285,100,0.3508772,126.0,8.0,X
15,19,285,84,0.29473683,135.0,9.0,X
15,18,270,85,0.3148148,129.0,8.0,X
15,18,270,99,0.36666667,120.0,8.0,X
15,19,285,86,0.3017544,128.0,8.0,X
14,19,266,78,0.2932331,105.0,7.0,Y
13,18,234,73,0.31196582,91.0,7.0,Y
14,18,252,78,0.30952382,106.0,7.0,Y
13,17,221,68,0.30769232,81.0,6.0,Y
13,18,234,68,0.2905983,91.0,7.0,Y
14,17,238,70,0.29411766,86.0,6.0,Y
13,17,221,71,0.32126698,94.0,7.0,Y
14,19,266,73,0.2744361,110.0,7.0,Y
14,19,266,75,0.28195488,105.0,7.0,Y
11,16,176,60,0.3409091,68.0,6.0,Y
13,18,234,72,0.30769232,106.0,8.0,Y
14,18,252,73,0.28968254,108.0,7.0,Y
13,17,221,73,0.33031675,92.0,7.0,Y
13,17,221,69,0.3122172,94.0,7.0,Y
13,17,221,69,0.3122172,90.0,6.0,Y
13,18,234,69,0.2948718,99.0,7.0,Y
13,17,221,67,0.30316743,95.0,7.0,Y
13,17,221,69,0.3122172,94.0,7.0,Y
13,18,234,72,0.30769232,89.0,6.0,Y
13,17,221,76,0.3438914,93.0,7.0,Y
13,18,234,71,0.30341882,99.0,7.0,Y
15,20,300,98,0.32666665,130.0,8.0,Z
13,18,234,98,0.41880342,107.0,8.0,Z
17,21,357,97,0.2717087,158.0,9.0,Z
14,18,252,92,0.36507937,119.0,8.0,Z
15,19,285,91,0.31929824,126.0,8.0,Z
11,13,143,75,0.5244755,66.0,6.0,Z
15,19,285,104,0.36491227,128.0,8.0,Z
15,19,285,91,0.31929824,126.0,8.0,Z
15,19,285,90,0.31578946,132.0,8.0,Z
13,19,247,95,0.3846154,108.0,8.0,Z
16,20,320,105,0.328125,144.0,9.0,Z
15,19,285,96,0.33684212,125.0,8.0,Z
14,19,266,98,0.36842105,115.0,8.0,Z
15,20,300,101,0.33666667,134.0,8.0,Z
15,20,300,99,0.33,134.0,8.0,Z
15,19,285,99,0.34736842,125.0,8.0,Z
15,19,285,99,0.34736842,123.0,8.0,Z
15,19,285,101,0.35438597,132.0,8.0,Z
13,19,247,98,0.39676112,112.0,8.0,Z
14,19,266,98,0.36842105,122.0,8.0,Z
14,20,280,93,0.33214286,127.0,9.0,Z
13,19,247,100,0.4048583,109.0,8.0,Z
16,20,320,106,0.33125,143.0,8.0,Z
